// SPDX-License-Identifier: MIT
pragma solidity ^0.8.24;

contract GoldenReflex {
    // F(1) to F(100) — exact, uint256-safe
    uint256[100] public fib = [
        1, 1, 2, 3, 5, 8, 13, 21, 34, 55,
        89, 144, 233, 377, 610, 987, 1597, 2584, 4181, 6765,
        10946, 17711, 28657, 46368, 75025, 121393, 196418, 317811, 514229, 832040,
        1346269, 2178309, 3524578, 5702887, 9227465, 14930352, 24157817, 39088169, 63245986, 102334155,
        165580141, 267914296, 433494437, 701408733, 1134903170, 1836311903, 2971215073, 4807526976, 7778742049, 12586269025,
        20365011074, 32951280099, 53316291173, 86267571272, 139583862445, 225851433717, 365435296162, 591286729879, 956722026041, 1548008755920,
        2504730781961, 4052739537881, 6557470319842, 10610209857723, 17167680177565, 27777890035288, 44945570212853, 72723460248141, 117669030460994, 190392490709135,
        308061521170129, 498454011879264, 806515533049393, 1304969544928657, 2111485077978050, 3416454622906707, 5527939700884757, 8944394323791464, 14472334024676221, 23416728348467685,
        37889062373143906, 61305790721611591, 99194853094755497, 160500643816367088, 259695496911122585, 420196140727489673, 679891637638612258, 1100087778366101931, 1779979416004714189, 2880067194370816120,
        4660046610375530309, 7540113804746346429, 12200160415121876738, 19740274219868223167, 31940434634990099805, 51680708854858323072, 83621143489848422977, 135301852344706746049, 218922995834555169026, 354224848179261915075
    ];  // Note: Fixed F(71) typo in prior—now exact (308061521170129)

    // L(0) to L(100) — exact, uint256-safe
    uint256[101] public lucas = [
        2, 1, 3, 4, 7, 11, 18, 29, 47, 76, 123, 199, 322, 521, 843, 1364, 2207, 3571, 5778, 9349,
        15127, 24476, 39603, 64079, 103682, 167761, 271443, 439204, 710647, 1149851, 1860498, 3010349, 4870847, 7881196, 12752043, 20633239, 33385282, 54018521, 87403803, 141422324,
        228826127, 370248451, 599074578, 969323029, 1568397607, 2537720636, 4106118243, 6643838879, 10749957122, 17393796001, 28143753123, 45537549124, 73681302247, 119218851371, 192900153618, 312119004989, 505019158607, 817138163596, 1322157322203, 2139295485799,
        3461452808002, 5600748293801, 9062201101803, 14662949395604, 23725150497407, 38388099893011, 62113250390418, 100501350283429, 162614600673847, 263115950957276, 425730551631123, 688846502588399, 1114577054219522, 1803423556807921, 2918000611027443, 4721424167835364, 7639424778862807, 12360848946698171, 20000273725560978, 32361122672259149,
        52361396397820127, 84722519070079276, 137083915467899403, 221806434537978679, 358890350005878082, 580696784543856761, 939587134549734843, 1520283919093591604, 2459871053643326447, 398015497​​​​​​​​​​​​​​​​​​​​​​​​​​​​​​​​​​​​​​​​​​​​​​​​​​